BC,Type,Reads
GGCTCCCGTGGCCGGGCCCCGGAACTAT,unknown,10
AGCACCTGATTCTACTAAAGTTGATG,unknown,8
GGGGTCGAAATGACCTTGACCTATTCTC,unknown,8
ACCAAAAAAGTGTAAAATCCCATATAAT,unknown,8
ACATTAGAAACATTAGATGGTATAAAT,unknown,6
TTGAAAGGATAAATTTCTTATTTATT,unknown,6
TGGTCATAACTATCCATTTTGAAC,unknown,6
CCCTTAGTCGTTGAATTAGATAAGA,unknown,6
GTAGGGGAACCTGCGGTGGGCTTATAA,unknown,6
GAACCCCGCAGGAGATATTTATTA,unknown,4
TCTAATCATTCGCTTTACCTCATA,unknown,4
TAGTATTCCAAGCCTTATTTTCAT,unknown,4
CCAGTAGTAGTTATAACAGCTAAGA,unknown,4
CCGAAAGGAGAAATATTAAAATAATTAA,unknown,4
CCCCGTATACTATATACTATATACTAT,unknown,4
GCAGTACCAATTATTTTCGCAGTACAA,unknown,4
ATTTGAAGAAAAGAATCGTTTTCCAG,unknown,4
ATGACCATCTATCGGACTGTAATTTTC,unknown,4
GCATTATTGAAACAATACTGAAAAA,unknown,4
GCCTCCGAAATAATATATAGTGAAGAT,unknown,4
CCGAAGGAGTGAGGGACCCCTCCCT,unknown,4
GGCTCCCGTGGCCGGGCCCCGGAACT,unknown,4
CTGCCCTCATATCACCTGCGTTTCCGTT,unknown,4
TAAAGTATTTTCACCAGCATCTAGC,unknown,4
GAAATGGGTGGTACCGTTGAATCAG,unknown,4
ATATAATAAATATAATAATATGTAAAA,unknown,2
CCGAAAGGAGAAATAATAATATAATAT,unknown,2
ATTTGTTGATGGATGCAATTTGAATA,unknown,2
AACGTATTAACATGCGGTGAATAC,unknown,2
CATAGTTCCATATGTTTTAGCTGATT,unknown,2
TAGCTTGCTATATGGATGTTATAAGCTA,unknown,2
ACTTTATAAAATGTATAAATAAAAAA,unknown,2
TTGAGAGTCGATGGCGAAGTAGGTCA,unknown,2
TAACCATGACCGCCTAGGGGGTAG,unknown,2
GCTCAAGATTACTTTTTTAATTTTC,unknown,2
CAGGCAGCGGGGCTATCCTGGTCCCT,unknown,2
TAACCATGACCGCCTAGGGTTTAG,unknown,2
ACCGCTACATTTTTCATTGATACGCA,unknown,2
CTTAGCTTAAATTTTGTAATCCAAA,unknown,2
TGAAATAATGGAATTAGATTCAAAAAGG,unknown,2
AGTATACGGGAGGGGGCGGGACTAATA,unknown,2
TGCCCATGCCCTCGCGTTCGTGATGAGT,unknown,2
GGGCTTGGAGGTATGAAACCAAAC,unknown,2
TTTTTGTTGAAATATGGAATAAGAAC,unknown,2
TAAGGAAGTGGTGGTTTGCCTTTTTT,unknown,2
ACTTGATCCAGCACGATGAGCCCG,unknown,2
TTCCTTTTCACTGATTGTTGCAGTTA,unknown,2
GAACCCCGAAGGAGTACTCATTTAAT,unknown,2
TGATCGTAGTTTGCTCTTGATCTAACA,unknown,2
ATTAGCTACTAGGTCTCATAATACCA,unknown,2
AGCAGAATAGTCGTCTCTCCAATAATGT,unknown,2
GTTCAATTGATTTAAAAGTTCTTC,unknown,2
GATAGTTTCAAGATCAATCGTATTGAGT,unknown,2
ACTATATCTCCACCACAACCCGAAATCG,unknown,2
ACCATTGATTGGGCCTTGTGAAGGT,unknown,2
GTCTGGTAATTCCAAAGAATAAAAGAA,unknown,2
GTAGTAGATTCTGTCTCTATTTTCGT,unknown,2
AAGGCCCACCGTACCCAAATGGTAAT,unknown,2
ATCACCAACGATTACCAGCTTTCTTCTG,unknown,2
AAGAAAAAAACAGCTCCTGAGACTA,unknown,2
AAGAAGTAAAAAGAGAAATATAGGGAT,unknown,2
GTCAGGGAAACTATTGAGTGCCTTTG,unknown,2
AAGGTGTTGGCTCGTTCTGATATATA,unknown,2
TTTAGCGACTTTTTCGATAACTCC,unknown,2
TGTACCATCCGTCACCAAAAATAA,unknown,2
TTTGGGAGTCAAACTTTTACGTTCAC,unknown,2
CTTTTTATTTCATATAGAAAGGTCAA,unknown,2
CAATGTTATGGTAATGGCTTGCTAT,unknown,2
AAAAGTAGTTTGAACGATTTGGATT,unknown,2
TAGCAACTTTGCTAGGTGGCATAT,unknown,2
TTAAAACAAACTTCAGTAGCCTCCCCTA,unknown,2
AAGGTTATTTCACTCTTCAAGCCAGC,unknown,2
ATGGGATAATAAACCTGCTTTGAAGCAG,unknown,2
TTCACTCATTGTTTGCCAAGCGGTATGG,unknown,2
ATAATGTACGAGTTTTGTCTTGTGGCA,unknown,2
TTCACTCTTCTGAATTGAAAGGTGTTTT,unknown,2
TCTATACCAATGTAGAATGCCCTGTTT,unknown,2
AATATATTTATATATGTACATAATTATT,unknown,2
ATTAAGAGATATCCATATAGGGGAT,unknown,2
ACTTAACAATAAAACCAAAAATGGC,unknown,2
TAATTTGTCGCCCAGGTGTAGTGATAA,unknown,2
ATCGAGAATCGCACGCGGATCTAGCATT,unknown,2
TTAATATAAAATAATTCGGGGCCAAA,unknown,2
ATTTCTAGTAAAACGACATTAGACAT,unknown,2
CTGAGAAGCAAGCTTTTCATCTTGTAAA,unknown,2
ATTTCCACAGCGACAAAGCCGACCGC,unknown,2
ATTCCTAATAAGCATCTAGTAGCA,unknown,2
AACGCTTGGAATAGTTATAACGTTGC,unknown,2
AATTGCACGTTCAGCTCATCCCTAG,unknown,2
GTTCACATAATCCTCGTTTTGTAA,unknown,2
ATCGTCAACCCCCGGAACACGAAC,unknown,2
AATAATAATATATACAGGTTTGGCA,unknown,2
CACTCCAGTTATAGTTTCCTCTTT,unknown,2
GTCTCTCCAGGTTCCACCAACCAAAGTG,unknown,2
TTGCTTAAACTGACAACATTGTCCAC,unknown,2
CATCGAGAGCAGGTAGTTGTTGATTT,unknown,2
CGTTTATGCTCTTGAAGAGATTTAGC,unknown,2
CAATTTCCTCAAGGTCAAGATCCCACTC,unknown,2
TGTTCTGATCTTCACCGTGATAGGA,unknown,2
AGATGCATGCTCGAAATACATAAT,unknown,2
GGTTGATAATACGCAGGTGACGTTTG,unknown,2
GTGACGATGTAGTAAATAGTAATT,unknown,2
AAAGTATACGAAAGATTCTATATA,unknown,2
CCGAAAGGAGAATAAATATTTTAATA,unknown,2
TAAGCGTGGTACTCAAAGAACTGGAGT,unknown,2
GAAGTGGTCTTACCTATACCTGGC,unknown,2
AATTTGGATTGCTTGTCTTGTAAT,unknown,2
GTCTCCCGTGGCCGGGCCACGGAACTAT,unknown,2
AATTTCGTTTTCTTGTTTTGTAAT,unknown,2
CTAGCCTTTTGGAGGATTCCTTCATCAC,unknown,2
ATGGAGGCCGAAGAGCATGCCTAGGGGA,unknown,2
TTCCAACACCATTTCCGCATAATCT,unknown,2
TCAAAATCCGACTATAAATCCTCCC,unknown,2
CCCGGAGGGACGTATACATTGGCATG,unknown,2
ACTATACAATTATTAAATACCTTA,unknown,2
ACTTGTTGATAGAGGCAATTTGAATG,unknown,2
CCGAAAGGAGAAATAAAATAAATATA,unknown,2
GTCCAATTGGACGGTACGAGACGATG,unknown,2
TGTTTGGTGGAACCTGATTAGAGG,unknown,2
CTGATCGCATACTCTTCTTACCTTTAC,unknown,2
TTCATGAGGGTGATAGGTTGCTTGTCT,unknown,2
CAGTATGACTAGTAGCCCACCTGGCA,unknown,2
CACCTCATAATAAAATATAAAAATATAA,unknown,2
TTCTAGTTCCCTCACATCTAATTT,unknown,2
ACACGTATAAAAAGTTTGTTCGTAGA,unknown,2
ACAAAGGGGATTTGACATAGAGTTTG,unknown,2
TTACCGACAGGCGTAAGAGTAGAGCTC,unknown,2
ATTTGAAAAAAAGAATCGTTTTCCAG,unknown,2
AATATTGACTCTACAATCAATCGATT,unknown,2
TTCTTTATTCCAATGTTGCTCAGGC,unknown,2
ATTTGAAGGAAAGAATCGTTCTCCAG,unknown,2
TTCAAGAACATATGAGAGTTCAATGCA,unknown,2
AGCAACACCAGAGACGATGTTTTTAACA,unknown,2
AGCGTGAATAAGAAAAATTTGCCGCCA,unknown,2
ATGGTCTTTGTGCACACGTAGTCCCA,unknown,2
TTTTCCTTTGTAGCATAATTGTCTAT,unknown,2
ACTTGAGATCTTGTCTTCCCTTACAA,unknown,2
GTTGCCCAGCATTGTAAAGAGTTGA,unknown,2
TGCAAGCAACATCTACACGTTGGCG,unknown,2
TAGTGTGATAGTAAATGAACGAATA,unknown,2
AATTCCTCATTGGCTAACAATCTCAAGG,unknown,2
AGAGGAGTTAAGTGCCGCAGGCCGCGGC,unknown,2
TAGATGTAATTAGGTATGTAAGCACTT,unknown,2
TGGACAACTACTGGACTACGTAAA,unknown,2
CTAAGGCATCGAATCCTTTGAAAAT,unknown,2
TTACTGGAATTGGGTGTTTCGCCCATC,unknown,2
TGAACGAAAAGAGTAGAGGATTTTAT,unknown,2
ATCTGGATAAAAACAGTCCGGCTTGTT,unknown,2
AGGTTTATAATAATTATTTTAACTAT,unknown,2
TTTCTTGATTTATCCACTAAAACTCT,unknown,2
ACAGCGACATCCATTGTCAGAAGTTTTG,unknown,2
TTCGGGTTCTCGAATAGCTCTACTCTTT,unknown,2
TTTTAACGTTTTTCTAATTTCCGCGGAT,unknown,2
ACAGCACTGACTTTACTAGCAATAGTT,unknown,2
GCTACTTGAACATAACAATAGTCAGCC,unknown,2
AAGCGTCGACGGCAGCGGGGCCGTC,unknown,2
TCAGCGATACCACCAAAATTGCTT,unknown,2
ATCGACAAGCTTTTCATATCTATTCA,unknown,2
GGTTTAATTTTAAGCAAACTAAAAA,unknown,2
TCTACCTAACGCTTTATAATTATTA,unknown,2
ACTCCTATCGGCTTTCAGATAATC,unknown,2
ATCAAGCTCCTAGAGACAGAACAG,unknown,2
CTCCTTTTAATTTTGACAGTTTTTGA,unknown,2
TTATATTGTCAGAATACTATTAAGT,unknown,2
GTGCCTAAATCATCCTTACCTGTTGAT,unknown,2
TCCTCGAAAAGAAATTCCGCCGCC,unknown,2
CCGGTAGGAGAAATATAAATATAAAT,unknown,2
CATCGAGCCAGTGAGAAAAAAGCCAAA,unknown,2
AACCTCGAGTAAATTATTATTATTAA,unknown,2
TAGAATACTTTTATCATTCACAAT,unknown,2
CCTGCAGGAGCAGTCGGACATCCATCAC,unknown,2
AAAGTGCTTTATGAATTCTAACAG,unknown,2
TATTGAAAACCTTTTCAATGTCATGCA,unknown,2
ACTGTAAATGATCTAACAATATGAACAC,unknown,2
CGACAAACCTGAAGTTCCGAATCACC,unknown,2
CTGCCTTATATTATAATTATAATT,unknown,2
AGTGTTATCACTAAGTATATCTTTTAGT,unknown,2
TAAGTTAGCCAGTTGCCAATCAGTG,unknown,2
TGCGTAGTATGGGGGCGTGAAACCTG,unknown,2
GCCAATGTAGGGGACAAATTTTCC,unknown,2
CCCACTTACCGTACCGGGCTGGCCCT,unknown,2
AGACTTATTTATATTTATATATATATTT,unknown,2
CTACGGATGAGTTTGACTTTTCAG,unknown,2
TGTTGCTCTAATAAATCTTCCGGGATTT,unknown,2
GTGACCCCCCGGTGACGAAGCCGCGAC,unknown,2
AATTACGTAACTGTAAGCCGCTAAAA,unknown,2
ATTCAACCTTTTTGCTTTGTTCATTT,unknown,2
AGAGAGTAAGACCATTATTAGGCAAACA,unknown,2
AATACCTGGCTACAGTATTTCTTTTCTA,unknown,2
AGTCTTCACCACTGGAATAGAATTGAAA,unknown,2
AAAAAATTTACTCCAATCATCCTG,unknown,2
CCCCCTCATAATAAAATATAAAAAT,unknown,2
TACAATATACGACTCCGGTATTCG,unknown,2
ACGATATACAGATTGTCTGTATTC,unknown,2
GTCTTTCATCAATTCTCCTTTAAT,unknown,2
CCATCAAATGCTAGAATGAAATATTTA,unknown,2
AAAGTAAACCAAATTAGTATTACTA,unknown,2
GAGATTGATGAAATCAATCTCAATACTA,unknown,2
GGTCCAACTAGTTCTTTCAGCTCTGA,unknown,2
GTTGAAAATATCGAAATCCACAAGGACA,unknown,2
TCTGGTGTGGTTACCGTCGATCCAG,unknown,2
GTACGCCTAAGTATAATATATAAAATTT,unknown,2
TGAGATGGCCCTTAAGGCGGCAAA,unknown,2
CACCATCGCCCACGTTTCGTCAACGGTC,unknown,2
CATAATGTCCATGACTATTTGCTCAA,unknown,2
AAATATCCAGATATTCACAATTATGCCA,unknown,2
TAAATTCACAAGCTAGAAAAAATTTGG,unknown,2
TTTTCATTTTTGTGATAGTGATTTGCAT,unknown,2
GCTGCTGTTGCCAACCAAGGTAAGAA,unknown,2
AGAGATAGCATAAAAGATATTCTCGGTT,unknown,2
TGCAAAAGGGCAACTCACTGTCGTTT,unknown,2
AAAGTAGAAGAAGGCCGCGACATTATCA,unknown,2
GTTATCCTTCGTCAACTGAACATC,unknown,2
TCTTATTATAATGATCATCATTTTC,unknown,2
TTATCTTCTGAATTGTAATCATATCCGG,unknown,2
TACCTGTAATGGGCTCGATGATTGCTA,unknown,2
CATGCTGTCCCTTGACATTTTTTTTTT,unknown,2
CGTATTATTGTTTTGGAGAATAATAATA,unknown,2
TTCCTATTGTCATGGTTTCATGCCTTG,unknown,2
GAAATGGGTGGTACCATTGAATCAG,unknown,2
GAAACGATTATTAATAATATAAAT,unknown,2
GGCAAAAGCGAGTAGCTGAAGCTCTGG,unknown,2
AAAAATATACGAAAAACCAGGCAC,unknown,2
GACGCTAGTGCTTGGTAAACCTGT,unknown,2
ATGTACACAAGTATATCTATATAT,unknown,2
TTACACCCAAAGAACTCTATCAAAAT,unknown,2
GACCCATGAGCAACTTAATGAGAACGCG,unknown,2
TTCATGTCATAGGATTTGCGACTAAGT,unknown,2
AGCACCTAATGTCTTAGCATCATTTTT,unknown,2
GTGGCAACAGGCCTAGTGCCGGCA,unknown,2
GTCCCACGTCTAGATGAAAACAGTG,unknown,2
CCTATCTTAAAAGTCTCATAAGTTGC,unknown,2
GAGTTACGTATTAGGGCCCTGGCTA,unknown,2
GTTTGTGATTTCTTGCGACAAACGGCCC,unknown,2
AAGCTTATCACATGCACCATTATCTG,unknown,2
TTTACTTTTTCCCAAGCCTGCCCTGGT,unknown,2
TGCGCGGCGCGGCGGTTAGGAAAACCA,unknown,2
ACAACGCTCAAAGAATTGTATTCCAA,unknown,2
TTGATGAATTACACTTAGACATCA,unknown,2
GGCTTGGGAGACGGTGAAGGTGCTCAAA,unknown,2
TGATGCCCGTTCACAACGTCATCG,unknown,2
TTCTATACAATGCCAAAACCGAAGCAT,unknown,2
TTCAAGGTCCTCACGCCTTTGATT,unknown,2
CTGGCGTCCTAATGTCGTTAAGAAAG,unknown,2
TTAATATATAATAATTCGGGGCCAAA,unknown,2
AGCAACAGTAGTAAACAAGGAGTCTCAA,unknown,2
GACGGACTTGACGGTATTCTTCGCCGAC,unknown,2
AGAAATAGAACTAACTTGGAAGCTAC,unknown,2
CTGCTGTGGGATAGAGGAATCTTGCAAT,unknown,2
AGGCATATCTGGAGGGGTGACATTCAAC,unknown,2
CTTCTTGCGCAAGATACTTGTGTG,unknown,2
TGTAATTTAAAAAATAAAATAATTGGGA,unknown,2
CGACCACGAGTTCATTGGCGCCAA,unknown,2
TTACTATTAAGCTACAGATCCTTTATA,unknown,2
TTGCGTACTAATAATGAGATTTAATTTG,unknown,2
